21718949
90868618
62064063
32440358
91306772
45847932
82948293
97530837
97660786
44852677
91895247
79383797
72346469
88734828
19013006
95726530
99580146
23826292
77216571
34742680
35704090
78528335
56051593
10711937
52298017
38843009
75383482
51599455
49981290
90833362
90221646
92579378
61552381
48269615
21087958
68141447
73984171
82191391
37136358
39349118
67561033
72107741
92701992
16996470
49654423
28104982
35996430
66126807
19664453
36064960
22630175
61421563
24517259
35772052
57257843
90719930
22017142
53957802
70838458
64437520
69549251
68233206
90229357
10382180
74494279
81081673
89358746
90939423
31857403
16564200
81137219
27891798
94271068
18940591
20561445
14068193
41557565
32075599
27319765
55094039
64203913
89600290
28396586
58493164
93457981
68216776
96223412
86525573
45049065
44796234
85443462
17497975
12269058
43545227
21043388
43415836
10917649
27944470
48346768
76029207
65924350
47378392
64031080
68420150
96621798
97497144
81505558
17768239
19007693
85003362
61372872
67850711
46107361
62603933
70784467
95780895
38575167
16667724
87597247
80242518
17372794
17969462
53692159
17594857
60369952
89186901
86750370
13845170
47206319
26726049
81147375
97977124
65919460
48111690
88602200
45053992
74222810
71747915
77034977
69869716
71545528
86445326
79116040
41321938
24253365
67384698
46738594
66819431
50871589
91988310
71114509
74069846
93721278
51848016
60781321
85774454
26403865
42964272
27886943
10393535
61956013
68401171
97329022
64571982
19056048
31471091
79696841
60673994
37068916
95857817
68941580
16815104
74545687
53675090
98779132
91091658
33767947
78915133
19743791
41605548
79685893
87055143
15602236
75500244
14327860
82905477
53935199
98160494
29112122
29592463
28433786
11483772
54954875
12350564
63907390
12944574
50560860
96797627
17897202
13663533
33611933
69031858
16823011
18665633
80609361
17516994
90461672
27098386
74475766
60696660
44601745
17966331
11693749
88521580
34784876
31745498
28313399
81705732
29979763
78374228
98956577
14609012
99553173
63040246
68278702
79861132
38138079
11553303
75193448
99603524
65339207
70456537
16379011
14214667
27915982
74593878
44861371
89627631
58101431
90781046
24836782
76997887
46988775
29001969
14020458
21326147
65202118
37236004
53323511
26456688
72467313
50222650
73787474
20220164
77208063
98944193
80961530
40221543
41295199
23567338
21741479
48760893
21922525
25829853
20708890
60907851
56981955
16466999
17143439
92319363
31719580
61489441
56607312
37415981
71027860
56155534
52027620
61258676
48801531
48521233
65573220
46832651
22712936
62273112
17967085
46521018
67896442
11652425
52438577
96985865
51570362
49705783
95161896
19894471
42464540
11416897
27701221
80694711
93664548
59258951
55283587
90913816
95167142
13450122
80167742
70638416
29783973
49742815
11878557
96910132
56281565
65671312
56569549
78903926
18876253
53254223
94567818
25303980
10703179
83403480
44853686
20566649
16668363
67475874
39016972
97085914
78170107
29108289
67128814
73402255
40925846
60821339
46858842
90420259
85805496
41562308
16954619
70528154
11438272
46536121
19378268
92431543
31836881
32441270
73995959
53255783
49903219
87869940
95456492
72644301
59189336
22484611
72315661
20900587
69604792
45027839
12953878
12984554
85111645
98216050
58418106
84380678
36983867
16734022
30968152
11420696
19060023
56340581
70044300
72476609
80338440
36603247
26344034
88276400
95439419
96947351
48716582
72088337
55824208
30115099
29632215
23633555
70292098
76920797
72450618
30501139
49509924
41207075
83793546
90570730
65155111
82380264
46954316
15097168
64617016
62263900
24722497
46172779
37313414
45493375
70878069
10037240
59878561
27648213
17822965
83535893
89187911
31636894
91562024
26702486
84391664
75264815
83743996
58056128
12676390
81082419
82582625
51787820
28746959
58116796
76000183
40219690
79641377
58714290
99699186
52781530
91262474
10609319
24215354
49552115
69543855
36839360
85824216
42061399
74852991
23594714
92456866
41993184
72579308
57834427
17030489
37854168
22206147
52822899
96566948
29980681
17284878
42647745
13881612
94140929
42370418
98010413
10518731
89637468
28580454
49401977
24571431
22693234
35514719
23735270
29535062
66448388
20595151
86443117
67347233
97513059
68960311
16667374
66123251
83831774
66140920
84494784
81469217
43896918
58623210
43627353
55246538
57008765
31666572
65883415
54745562
19845807
69900373
42758569
32502184
32616556
43636137
30200861
40424434
19190119
98281734
49492282
34394995
53444895
53455817
29527625
97097848
93360225
80757508
25649488
86394834
79747377
61594268
90339758
75588920
16966550
76451682
35281051
85891586
31097553
80097634
84154666
69645953
36330283
70064110
34764537
96092519
32636473
39781052
29033303
34982405
62543743
76020707
47242635
67890266
56818348
26670424
83359655
83466987
18201798
12542688
35626957
55367470
66955052
43518501
53303582
72392818
44659157
93863905
96912981
21623035
14749788
50917309
88828991
77149029
62254049
35076471
63739491
17256755
60380953
13257802
38448168
73299799
33431845
89395257
61149970
15192579
64334749
27029276
30984958
22320765
72237055
15261667
66324301
64889775
51181911
78813944
15728416
67811419
13928457
26767411
42162923
48356798
26186049
24432211
29375462
68088169
36588638
13536125
25571967
88354805
23436221
28620565
90959688
92543245
10070976
82276484
70368135
68870867
68362590
60264089
72381550
23101651
84835879
10411044
24785962
38603213
57758049
87610663
60838094
14902607
72643771
94462557
28228606
23525655
67808841
82975279
28742779
89324113
82389661
74888255
33270861
81876093
66312062
98669089
15226892
10473199
84164424
72432425
14767562
79448304
95959392
93013920
90097026
50269137
99353487
26402900
36218561
29296008
25819005
26901156
10816869
48081448
82817718
50201700
16862475
11288194
74595339
66598324
83236694
74595958
69647061
74358574
80949176
20142886
44340501
92757518
68492351
18265847
38995355
75155351
61053655
83015313
53869066
31113684
25375071
35507316
86009464
19554921
51723042
50999422
36211175
18278926
72369914
91204748
80576206
32992108
96757541
25112717
37484013
84091454
47953833
82257858
65351541
83272342
34592411
17829021
60639115
93689657
49462001
79071916
55843564
48447511
40106102
58313132
66210149
55420118
33176983
59947737
58011097
79417937
99097090
92340013
58722754
82986103
39955265
83751387
81463668
29804263
17060828
90294598
77161076
98488301
26948677
97022104
35933130
45699402
82378653
92515123
80981652
64543861
17017551
11630550
14961390
75458167
67137594
20679774
58273600
60957099
94039526
28754704
68944061
24413845
36123986
31040134
61726853
50430429
86750313
38486581
68923370
16411495
88899346
52100631
84131856
32280166
48784249
42080686
82793222
56629373
87770083
33317041
88571588
89713377
62956959
13408767
37600041
94304932
14219624
92804248
18461108
67059470
67103024
82720217
12536670
95119342
64738830
30762011
11565972
47905297
57237955
70011256
51949648
58511953
83699687
84875181
59418451
20140101
27972021
65189915
66200449
87170326
72649072
66297832
74766296
93275761
95522416
91047747
44967694
74534168
35584204
76761540
63061063
15799956
39895461
64467185
38258288
70220293
52763021
48194909
98420923
57445913
89216275
57409975
23249563
93062508
55058224
89371531
45493795
91358400
80812406
83377644
15065614
98866141
41699334
51620802
65573180
50376349
73260348
95321498
22352703
92229478
83898297
59691324
66602211
27042792
18937567
94396443
71151415
79949934
11424933
31073093
11232025
56756005
89059120
79054965
30813914
82643195
32826251
17320774
56766093
62844067
78245635
88857218
55360497
71495477
70742425
28097400
66974193
62912198
46812333
64055923
38986788
82956636
77667018
14476637
66995235
41125438
52940211
43839937
56536052
21664679
22522327
31953096
78436621
55867599
60464995
41252963
66007860
40436904
81149809
48635281
40416133
90118451
80499806
73503693
72115858
14985599
59357369
80088600
39198500
47340735
94763478
38040606
36113312
91337607
72867331
72073093
81477667
24994002
62120029
39150738
82640404
58209557
47119109
91016872
47615336
37755068
22937085
63782708
81654248
36414784
44525057
43613681
25752194
77691991
14720753
93209446
33842575
53276442
97111868
60156825
98841331
43145088
81119371
76790698
64246103
27599859
17951008
70033532
24552897
88931564
69979712
52145602
23523444
31469041
38252623
46767754
95774618
96721788
47124486
96925552
59387661
62717946
69771091
20535106
37307375
45883085
56644068
16218834
80052022
26083793
66624634
62220070
29618022
21508542
96830595
40594879
90552913
85351627
70663605
99023008
95351974
70007040
32671651
20747096
31872438
64963799
58166987
52680496
12615507
80325104
80225356
79091309
68287956
24138731
65825844
38410806
82541798
40489207
77935445
27194717
10755091
82009981
77811436
54356472
80771956
13325394
21781556
29925250
62951809
27829294
75444580
86270375
19724922
10191798
36672183
30107862
54707504
75388338
75808680
69191878
88252224
23466323
12819573
45048526
23295691
19369355
22222996
32425872
19592164
94057355
52997234
69206036
85222437
53984631
20568664
62330496
47477468
29294761
44660842
41305462
70558307
52399263
22103242
22603530
36310925
16701442
24544345
18796382
27864508
79596756
94531613
42277084
24566800
90985397
13047614
92853392
33851194
26355153
99658411
98938272
69113710
81740137
63249498
40793192
67163511
38729341
13007148
41600182
61236196
66629139
83036270
72099871
16338144
65942695
41367676
15473184
86761904
64109056
42180085
61983818
19904088
82387848
59531649
91412868
51066134
66580293
37615750
16764104
46498337
70449257
48223322
34330723
60339109
74627191
48681367
39707883
30631983
52884326
52066930
11270981
75288700
10826363
19464350
88424657
71534965
74977331
52132239
79150941
76882781
68974792
30782844
72037787
40311382
19256887
71498207
72772147
94867237
78922648
65512512
34741099
70207212
45720881
13206110
53106728
98633927
62151612
92725362
46041471
50763926
58359513
97605884
12453307
18986445
66759124
38256862
36838482
27646975
36510955
36191483
20898809
38404739
32904748
48836971
39903827
16106944
84335741
15101272
14921028
17685531
39256374
80196856
29893349
60426617
70923240
42152615
27609232
22176755
81597121
50359712
48289306
82977942
86472711
60674903
67202720
94218579
18438850
23237111
32690682
26530314
37784183
41226099
52807373
47817773
43027854
19594699
61329597
58311188
19838293
63842781
52073663
21648221
45084189
13857125
54014860
83693438
72966146
70237075
94892849
87381865
77711176
76910019
55888602
56207842
10701164
64923697
95381696
87006604
85871922
12229062
82910871
25619545
71540445
75661180
67237317
61909648
98270935
48571815
64134602
38513830
74118950
36774177
62184156
69652260
54972654
33544803
78086200
58744464
43486301
67721079
13905598
14050239
11232600
22505803
50266062
10118128
36315976
24729430
68953369
46834876
42855591
42736945
85476161
16863148
54083491
99543541
24538253
33319909
95340101
55408382
57216283
22176859
45875698
74136126
33706350
59400104
71712689
88191364
39501681
23859671
95629137
57733890
89110441
43978000
76909281
31641887
59774276
21264844
45917278
34638370
45787583
43441983
52111062
96834498
67766806
45257643
63428824
71759262
13108304
56812541
48311544
75161910
19860793
15606242
61080071
81148792
37168791
23101585
35998170
69371750
70590141
13309260
50001757
17264455
75925898
56822394
61815163
96229338
78859355
50460971
38659047
99399322
55461322
19283791
59914624
29041006
57843550
49851716
48560345
40192272
96032892
91715312
84909633
82129854
55582029
89358396
13051848
62540472
84775126
93410879
64959943
92066348
19497422
95643656
78658797
36557195
10526365
53595287
30204280
70338102
79489847
26512716
11102913
29316273
27112898
93971742
32042353
57617175
91785205
76912978
76449101
78099430
46743235
92778868
23403894
52039689
58392774
29811885
75141385
16116919
43933364
89574292
82640477
65832165
45548176
65120008
43546831
91547352
33552376
42210742
98699803
31820548
27408951
57536449
37711038
65400389
58090635
10195068
40055993
99038485
48985891
79442686
40581176
52437390
19136203
99856659
77771760
66489878
26838180
15585559
56580642
38830918
80214264
46771697
24619507
14321397
34766244
80043190
64241520
59763743
14770155
81879585
32591105
54965933
52391112
28510279
26310042
62581719
41599287
29666141
24858674
31748699
39869387
48843874
61784133
95150798
34009736
70797883
33629521
69534756
64598596
35384397
25904492
19578694
44250784
88665491
58449652
63621043
61949233
65475048
97047051
25084089
26337571
81275945
44531425
74962556
86554787
36724115
62863499
15358724
63029422
72678062
88883747
33655044
96449549
43433188
97599291
16162665
90792788
84051102
13849991
21251762
80190962
35825431
14616969
17420974
56215414
18344435
90967809
52240094
59786913
92605161
88886736
53934131
55826511
92698730
26152701
18174515
59235595
33273675
83982201
49086790
12288951
15886257
56291096
94156318
82268875
72958295
40647821
82948122
52038952
65708299
63892060
35479098
31027721
99252876
14619176
12248288
83923661
99376805
98762751
70032929
90817240
19313168
73500437
13098768
40538970
64441466
48168382
51899777
75215701
63599039
14710930
74408992
35276343
36519255
99706918
36967597
86201299
71459553
69290361
65050801
83430180
63497332
35545563
27099175
84004628
99730296
23009335
58116770
90465472
13202053
14170525
62744448
68396328
26952198
41487785
37055372
75699580
35837241
24332511
28031542
31792419
14828734
68167255
12928508
58271924
84785694
67306982
92573487
92901657
11817138
28750803
74493539
41184543
37357614
45931779
49306875
88589375
61805314
89993833
32460906
28258122
18032963
69555134
21654365
24716338
35734492
56275224
99035122
38434487
70348348
14195167
89605915
70394735
80901130
11596426
70644348
48988354
86888546
77270716
40988142
34728591
43104170
76067757
50569408
72803490
90910502
96661393
10911630
94929790
46101923
63182575
62230223
25212787
59110028
14853883
99347296
75372241
72425372
63003181
61823292
55753087
90568431
24828181
13643750
89377159
39660339
13590461
88740766
57638346
34944875
65627819
43614271
55197909
55370719
62651011
76399800
90477516
98416548
82598984
92000805
85410435
89729475
63801411
68385289
23351084
92613385
31595260
45549866
73689386
63858923
95843429
81519625
93885316
27835795
75562903
34224893
72216821
82930699
85253811
96420843
57892384
79574277
33396075
13290276
37548640
30636484
27210009
25491931
94199870
62035627
15481485
18100417
34285820
54466912
63221988
25448767
37944398
71426461
56851347
69260751
80607528
10790931
41019139
22585208
62524338
51588091
99955940
58829529
82821818
43769161
71802015
73471743
10577199
24015282
32861422
59646930
79857053
28073768
27638730
45667386
71787568
52840897
72638072
75084012
97489198
44802422
27144262
40547228
29137083
95033635
46196068
54821839
20544072
49930795
62919260
97035726
52570522
27432633
70266159
73606710
77427827
52021537
54112782
12161581
91672927
59625444
98058802
11111983
55898140
32187730
51141080
83387398
41254566
79291850
67683292
78235608
19906655
97031837
22427505
36089946
39404888
48591611
21637539
50545855
52215298
15438345
17862811
89344101
32562210
56350450
39658130
83824873
74409568
53465227
38602221
82573574
22573927
23634946
48164859
58731639
82050365
39047770
68770789
19854595
25699980
62915971
72095428
50847912
98731774
65652501
11602893
73985128
72779585
92213545
43514407
87510698
97955242
54395988
77699805
85438927
96041845
11570369
71086191
69846187
29967082
58311043
49103771
23361948
45346675
29643321
89741537
28583180
22862499
37984156
77051832
80552170
92153599
22257716
84110654
95840699
94290437
86422456
62023390
79682582
68007042
95085536
14079679
26268816
18582361
87700941
76807447
71448368
40555474
53027298
35795108
94610304
57475508
33978512
36230122
68675736
89329134
95456525
40890211
50270087
10197869
66951612
14819529
83826277
33364523
11645268
15908985
65361429
35104607
72239151
18764276
89935386
83744978
79306929
10957568
61598226
45153746
39508563
24653804
21768146
98481087
70707915
71725168
45939616
17357250
49987930
83543090
55381895
50780574
84516529
89034341
83336283
44175006
82381441
14251148
59141321
66560430
22318878
21726045
71804570
41755014
51478351
66608576
32685956
47095169
49316276
46670838
39013037
97717644
12666452
16347863
53882685
17512250
27184451
73665844
55915806
39565427
53774828
72845915
69440979
55961037
29098625
73768504
60595954
86354291
31807484
10062488
11613887
84865104
37559817
17691623
69517554
86089393
78755166
30337750
41192177
67992015
15240373
51466571
16750917
54556604
80710147
53667398
79568252
13213330
36526287
75744907
41757499
80203207
33331728
48889214
49380655
22000417
32110382
48188064
67054544
54156379
47004008
88695966
94528419
20797265
21610214
64700874
92640433
22444834
65585317
29406910
26459693
24650367
65562324
12034330
98429441
87224890
42699112
58297644
15121456
13139462
85682764
92070459
53759066
50503606
95176817
59610718
20465723
13606293
30793442
15160345
37730097
51670055
58768701
66133197
51562027
37388582
46208270
17564702
38761214
93991074
17793837
32261173
57436254
20842986
39861191
64609671
41767156
35757732
91138054
29343152
14993148
58388832
55965305
58887211
56228473
78094585
55229689
86149268
53274091
23389527
42522965
40312065
21027295
42923949
16895433
24924023
51809520
10394888
63636348
84539372
31679741
17208460
64746535
97381969
39250367
22482228
31847878
47637630
67013310
74107704
54171480
90958815
59705245
26161287
58673075
97139659
30732797
70913396
29778305
96469493
63008783
69716589
35525979
12739707
61702714
19841893
70371840
96289308
34765925
28162644
71633841
87908871
28144993
54056404
79870765
78288078
53334518
27268716
50772164
19354873
83279113
46030314
85901979
20663607
89735655
56789353
15300347
16217392
58982832
64170866
66386645
54656629
59220322
83367231
88315606
11317401
34802305
45080347
94750115
99293529
76466656
76528741
77918898
50132726
38623759
83192243
51671748
80645028
34411234
19809682
36176130
23372955
67794969
38675692
30638643
77216202
67048753
24863747
36910104
45944235
26338246
21788697
97972453
72799409
42237475
75564722
31234908
47912543
93457896
51753969
28369671
16760946
72996567
85142944
52319889
58391486
87451067
65601867
83744321
22822807
59092981
81808651
96996884
24438308
20735712
59981559
35683035
55020528
42238648
92645022
10859201
31438324
72363404
86564228
47348461
14171717
82608938
57584383
66817104
89266851
88503949
94001151
62455340
60458556
83706600
95511523
16247523
13031063
45658434
23434999
54026603
94388899
40148922
29774094
92353886
30966109
62595692
43666744
44792366
64832536
58482540
27130017
91391606
17423852
43010671
88724230
90820203
45710269
82513546
64473172
32155505
83367911
38009874
88860895
76999242
48086659
52610594
24101052
92062825
50204761
97802170
96719035
47439589
71369058
16737540
38417412
44797193
50318712
37547443
86010189
85634952
90877084
25068036
90530613
95232846
57108580
44189543
42976448
27036913
89223039
21394102
76000112
31592902
92666598
31855779
52243580
22889616
47858977
74276017
95188911
84276564
15304371
42977113
88381256
19956772
30003789
35821834
57445481
61689385
38874584
21742855
91233964
61787889
69847908
80185582
82569676
12544654
18899734
66221061
25475266
42384894
43479700
33095141
16980691
45409878
45753830
46769577
74541123
11835914
33906682
84865106
59931431
62407131
53860929
11637691
93412440
28525405
84179576
86367155
55101476
51650049
75043900
90725982
53681419
67617647
40268255
93691893
40272928
39863073
55458986
61243171
93604143
48293765
70854088
53622556
49524842
73703934
57250491
84909478
83416498
68558816
96245432
92445287
79824772
72629656
10146718
89488602
67335811
50495977
17945237
34969180
88267677
35242321
45252287
66731363
94187229
55996938
20636574
98010573
58516301
33594412
16051970
11714134
57966342
29007471
12337580
99190308
90110422
60060047
83169413
47207805
73869068
75688008
33763572
50180632
67727074
59704833
49728096
21608849
24196488
26030853
89642434
24682357
54375113
93181036
38423781
67401085
61205340
55142936
43711805
33065176
20123338
70071131
27874530
98659105
87500662
58027702
54961447
48678512
12274894
77950653
28713947
38104972
22845453
24849814
17264668
89357502
30968362
92715424
50020562
70316993
66480736
34472623
81531599
22489941
74799707
11280374
60533633
31652978
12256380
97422718
94744986
62356809
15354268
99683015
64412532
28594109
68383948
93976196
23257222
60573227
79071122
23565976
89071400
33975725
32158530
17633373
28146190
88893080
53063882
28025390
32850177
87116877
27799120
90850302
27582855
82925586
13942888
61600774
51271344
81113759
39231343
85179286
47617718
40502151
37609741
46187892
93806953
34919087
51928292
57181619
98908287
79176957
33657956
20053202
13835505
69374331
17059192
58313924
85165839
69635612
89961885
51335261
65582912
71719897
23147253
60837377
27715430
55706605
73205243
48425069
76645344
64329641
16743761
32680993
60575913
52347508
76655414
36180073
16500510
53897699
94759443
69161351
99791068
93695217
82580020
59509631
69460423
51505755
82735124
66376447
24266920
31510683
36390481
44671208
35090158
59065470
65170238
82177405
82365845
26433124
89020055
19729447
36671780
96812308
43735631
70805474
98323664
19066502
36002888
51579966
83718142
68725911
12166584
60468198
32032577
87527885
86205603
17367315
31208566
35875125
66270579
10927495
46032795
69651342
64441879
39127483
25941843
84602333
72750511
97355075
76017954
24192413
57481041
46301008
67471428
92746772
22933110
35188944
72803754
53513537
25988101
16818352
47713938
60162546
13110649
28348481
57033922
20331378
20641969
97227192
94891358
12697812
34149968
78928753
57376408
27446366
89845898
79545301
94908236
60124922
22172882
12723168
54638664
25189069
83091108
91697041
71313867
74344602
48982316
49834643
78502486
75260084
34921384
14151294
57369489
71230406
30508519
45597981
69203867
85904685
61149077
73158102
44532518
54467312
58007988
48422577
24876864
33268445
79758124
17060614
95476140
60829377
38627784
69003887
54460739
23544450
96523112
21383526
25774301
22937098
60506260
91663608
85074495
73341179
54590970
11800356
70961648
64464477
93416991
72358257
17577820
28666797
10255919
26377324
49976613
82608003
77226816
54245305
69710564
89652755
31243951
75557706
76909270
35957244
43333049
33975091
69601453
33789894
68085960
42464927
36772596
65892815
70776434
31524793
53009701
25724192
47984813
20188242
38527843
99977001
74905407
54404024
94576398
35474446
71143098
15763632
29363145
61728111
13143830
76801153
33161894
24698433
70254313
71031597
89380465
79111643
50660933
45999419
58768406
91783309
18834478
21750831
24264171
19039670
46332060
87297838
13600679
54830392
79584720
64495652
53660828
71868205
25419821
95244972
30016231
72059054
67041303
65893750
72049840
49044614
27412723
44355847
25746803
88254274
61885929
36230010
60913822
56073302
45059041
37516644
17402879
53789580
89123403
22053976
48626794
60136908
19321366
47264942
58456723
71675869
73599309
43758782
48678586
58971358
25530778
62246688
41970304
39232360
95957279
98761470
85364143
88984099
75953083
19433050
73816429
11361846
62649451
24069855
70804641
70749668
10068541
99782738
56902399
71245907
60130412
72559399
57282226
73093353
45290013
74520752
27631909
23482959
79751477
95691504
15151215
28425879
93298901
87749390
44680920
95683578
32451059
94926309
77870010
24188566
95568824
99794267
99534630
65142701
34205571
95750187
42467004
43444109
54897005
54295675
89219816
89014534
63869913
86274324
52066667
78396064
68731803
38559310
21387479
23897591
21411784
83282300
73730742
59360304
98871334
74246901
78444235
73067927
14322880
77285872
81380695
55337121
70278363
41411998
15625045
56572942
52818344
88684428
34539945
47457554
28112245
58708078
59460153
93591170
10520486
76055390
94720884
63950130
55455745
62993240
74144936
89006151
62346518
63982048
12746753
24565803
54838985
85267774
48234271
11649433
78897790
83857513
57350866
47228631
23789791
19859842
14679029
58635908
56860748
96717815
89079175
48464864
76428744
36878235
67725351
51238428
74398060
47934009
62692531
99522615
96198108
10250484
62433650
43872695
72615324
86915809
48972617
69838392
93569567
61024621
85405817
58902730
18970972
62362784
20850268
53185077
85234978
11950056
36601420
35916067
30083474
30422543
87952305
47562587
75064382
96635724
88553003
45480744
49054941
36856565
34800344
78515800
77383463
14622674
53095362
86788064
69065427
14357132
61871208
35032605
39948331
51464388
37747688
39998261
16485448
32043200
56409926
66484892
59247472
31711040
78472795
71613746
78834671
53014364
98205962
12387000
75509877
95487750
27466694
66610714
81496361
73170147
92330910
85638557
82626020
27325756
51365756
39655280
34506523
62802640
15671639
22987040
31348476
98222799
31609835
75986169
82802448
65667738
13625971
37386510
10140077
98227914
97451930
22712297
78318549
66152890
64504987
31825573
28527712
85782501
99950839
86004633
17766857
88572269
31979474
39910447
41643283
19391467
71607122
33959894
46874421
34293814
64694150
40271978
60308413
86311192
42643857
22525358
75306132
83932478
88631255
49645046
15568014
37287835
86395459
76526158
77160572
41502561
78626159
60321066
77990729
58219914
75473662
46319530
48188086
26473723
74529840
97438579
21496437
90075021
54779953
34624094
42722297
84297063
28918945
18463140
57880395
14325654
14063085
90045927
89704094
96427498
51904418
87399135
94234945
34291199
73548331
92854511
99671469
68847975
86173495
55517667
17591998
21063541
49252281
45989705
69332223
90118184
80848905
46281320
63339550
24398899
57737000
76383457
22329983
84272677
65255073
50568289
33160940
13750842
39048458
82109953
79167977
98096957
85086506
94727866
57771685
99677080
29481908
75276296
54834317
77293434
89887154
78069146
52136955
19768739
14575485
98844338
83885068
15473103
80057631
18819472
57865277
37150589
40356565
45148954
34853082
62433503
22838950
67060918
72234255
17748942
98251167
78222650
34180132
60615625
34568449
49573685
69767759
37485915
70420101
11756765
88466877
47909569
85452421
12346620
11422171
17769259
80232547
45433378
33128434
68946667
26010127
45864350
99092629
44460492
80832335
53257017
81127424
46959684
20711176
11273502
30195287
41542550
65487825
80087717
14701448
87603124
59631256
92466141
35334267
19666584
47279557
74926590
40206892
37731230
36906995
32409782
72226118
53155205
65949399
43926089
71707169
10338143
59473227
37985107
96694107
18703649
80243574
15915689
69175442
67901786
68991258
25237854
88202811
29525249
42973946
41688929
98317602
11339111
90097766
12393028
34765950
92733643
85177317
89100439
55274928
91998860
13235837
17320947
67596568
10414369
83782546
78909716
16752964
69105336
18065179
53938838
91286294
37046598
43958653
71479777
72578108
72374329
62095217
36418912
47947006
67312082
31060897
44964515
38365200
25819054
26029287
31778935
74888098
82706161
29971630
83335712
84218386
56200590
12388853
95230645
70727666
18546201
49232643
61804248
96701011
25189137
10481072
82140251
81931807
29677703
30055512
86538841
88393531
34830298
58963475
90284301
59186313
25381728
56490340
73641515
71756577
24071837
53195365
88125521
91135605
66880793
69125281
41136561
33279075
11927364
28507659
87496706
13948895
95989152
68005852
88248800
17944308
36544875
40187957
84581335
43110002
42059245
71028001
41832509
29648322
74567392
35676861
31413210
47296635
43189108
40706073
85649867
94529821
12786658
10373782
77024375
62584083
71335002
84537376
19671265
97850246
30390915
65111974
57251485
19779332
15655709
43177111
40761190
46186025
87693537
20080166
25243854
89712361
53583623
25920541
26713488
16499681
61923675
89703809
39874408
70429605
38742508
46569765
28540325
42904136
90060227
20557662
12267375
59221893
74872854
65589824
90845996
16734204
55300438
82279168
36901111
78587000
34233546
31188874
73055433
54258889
61762375
30403505
90445379
48960464
12891790
88898177
32293658
42204313
83998018
32511920
82628511
76193186
24991620
59189299
15785450
31216954
61192109
98324078
40712610
99034245
23831719
80712195
90198764
62371228
80796264
55553484
65977582
75963217
73735820
29309283
58392447
91026320
42476175
50919518
31230957
47187041
29655972
43023128
32050922
95620873
49938868
79625514
29048083
97346128
82287222
24515449
71372062
60112990
80326951
28273897
35591328
42448959
68280039
34414128
16372601
15310598
40833840
74519237
60047965
29988877
14220275
47235318
89438463
98121306
93474897
82639385
65387739
94614557
36139122
50164570
52466593
39862485
89481862
29072564
30279609
84988819
81258710
67590651
51380471
39293911
42451846
58381917
41429526
89525833
17096455
45386973
13454209
80100527
69535159
87861647
15097361
51128647
36022525
33274058
77404001
18282406
11369731
18037608
23794574
28009803
95995170
23112843
32256272
15829765
51113806
93725496
57360444
50017064
88662473
85837213
21164597
93208396
15273839
25448643
94304211
77230410
16476359
83799727
47817935
62664945
14218940
30125820
19869018
30523694
57473414
81969940
17791178
81119191
37941032
27109898
73332463
36343956
15979282
55298967
96973316
38394602
25210982
49998145
77210853
17825623
39148992
91681294
89335650
25717550
15319175
98813905
31318518
21377127
14589711
71274088
62111359
10271736
21832902
11535155
30246341
31591089
55385533
19683144
76607806
29335292
55682122
72324408
32631242
56902527
42318547
66949341
24365502
28053585
66977422
92781283
48209959
97469892
20409954
19266066
41710902
71130059
39393609
94759360
25157088
77486196
21814847
41479252
15687590
44302340
76471765
83106806
32554607
52497200
26816996
76905429
47738641
13658870
96160863
13682708
50085742
72708631
96505410
41382738
58008507
37904305
51569191
66082644
14309340
13226236
67221367
25459921
47218411
34002209
72761307
78715352
16640690
15460758
60529381
74906154
87941066
23200837
35732981
90556004
32754114
25479267
41274855
18677891
63570701
62446899
26767067
11082019
73168305
83991060
82875708
49003968
61390819
20151823
99572590
87675674
98343997
53658640
45042707
66175666
66103326
39863730
65399162
58229150
68595891
45207973
48654825
92417452
45951751
95071478
60711092
38793799
96565640
94956405
23824120
28739157
41290698
83663552
19848715
28869923
40484493
75955344
76675762
34782586
46847564
20569828
74812933
43957594
25270002
33332428
38148847
93804502
43729068
42971859
74942162
67069835
98410585
11451530
47184327
36872638
62453919
42080685
65754499
54418706
82598807
51043957
28392277
54938024
39483129
21812811
81546177
32357489
41064257
58752629
65703947
18004960
15494209
78831528
41681760
55157615
68307973
56831069
90248623
29977881
75683868
16713038
89585229
36312454
34064167
10558100
13479056
14160335
93316085
13123831
79226581
52757721
83360509
92437704
37411025
90431674
23874440
82972894
66550597
37769708
51319595
67556560
42808500
87498354
62753017
40604190
20158833
20880857
54763975
47863614
36744577
13786228
69260858
15662546
17827213
41436398
88360770
45031519
94634254
64102318
51048010
82621956
14101525
44716232
64022116
42788942
31595276
96009870
63740795
93049580
89640863
22148598
14155196
18637476
66930416
73233733
39437134
62182567
97127006
79936829
68411262
43495332
14275372
57172628
95829247
19270747
97255568
57175378
48025312
23879786
24854686
74318017
48430703
54976018
95377567
66481157
59240678
43379402
97563792
33999751
61294051
19714003
95998436
53343043
62252154
45899035
86580064
55424073
96059795
32974339
21507549
32867423
59579295
22211855
83108927
84638453
41154215
69657016
53686277
70478349
41700939
16745320
37645604
36710999
94872499
76112813
11235213
26396537
20231555
98621760
56730867
21654820
70278510
70200499
61811115
50521810
11349730
64365878
91212333
91864222
28652513
25459077
48266167
41663551
98344560
21344145
69505186
46926888
45906058
95189355
74993444
44785641
61376487
80576866
64858985
93694766
11256082
39146401
21704411
57912188
79086628
28715715
10199925
42906390
50954264
54936189
72944521
23899578
66360799
41783643
11481932
82445945
97791408
76065689
38481762
37087536
92808794
11075960
22569622
36439115
12861736
13672313
82318090
84301070
52987488
92706103
16018697
18945410
38801382
30149985
20214522
64027134
73836115
18640491
51304128
50494383
76121297
38612821
54525281
13358658
56819040
33536599
40338066
67204842
33585216
23612345
34931518
66479101
60396553
29126774
94388013
18918624
62616544
29192945
59064578
92008919
94506438
78339889
54054143
31077983
69667004
82335979
96910436
70437866
17547990
66272999
65934226
18479777
63380360
58050719
91619259
88418367
76673927
29978116
20866058
79579656
97556537
79407375
87152607
91107434
33819724
26211302
48802744
64901166
76947555
76309287
86756011
10187611
64051050
80065491
76647080
75043978
20526682
18026555
30854427
51278008
33675071
88511426
15872872
29285991
20951214
88947981
96771552
91396996
78321076
47306694
37447847
75493912
59963492
53918255
77179932
89471913
93118674
78935735
43378944
41182400
86929624
83262841
94731293
20693008
86068520
98812474
47594982
10673401
32254998
85959802
12017999
15588359
23785401
43147566
63215869
99318366
92926693
18405700
84524044
95126478
31666886
74592589
39134191
53126508
60575337
27995049
37890387
61445326
46136948
81033938
50589988
97661922
53388737
83753256
16447339
62210905
30420864
11673162
27092250
31315828
40470733
67441010
29122885
57091773
34454888
33527439
34936988
74648314
17110387
58983514
58551714
62057956
61438517
10322872
55435549
84498271
90806343
94026908
73248784
86135355
94855693
66257525
56426745
47180814
36656482
18731552
25430346
77349136
26477654
83097965
69147761
30575567
37572538
31710472
89704902
93479129
97575687
22079961
69563478
93314441
87485608
92367754
47683112
66703774
14645261
98741814
85488411
97518583
93329119
99358383
94407275
78585197
43791950
78296428
89854162
68349517
59104517
28807694
32430539
68585200
14002751
46050957
31212273
49208825
78599411
81056259
31070342
46324267
98115627
10905877
10447377
38557284
54716147
16789242
67646494
59598778
97213932
39963817
27479593
57548465
31827840
51133205
30082582
38589616
20589786
83829463
70149242
34064521
58347837
31215408
25396430
52920373
11042529
40934295
95458712
66336301
94344269
50662580
98792144
23229324
89494498
52034825
58281049
37596927
24565093
89257644
43158815
98503513
17957675
82589743
67710409
36751043
20584928
77622944
21899675
95792400
71029875
34378411
86409196
46440609
17961694
33588030
71649338
46593181
26916997
27921407
78680491
72219993
21829940
14175195
83974317
98202612
97386851
80400444
11044240
16660928
91232179
90677471
31346903
55983342
49280207
84050196
33976684
71027545
90978670
33647506
74390900
73331307
69057396
62066108
46838192
38889528
31880020
53306578
75713909
73891297
15376131
83038641
31385500
44490850
32736404
88076416
48489411
64300128
91403883
22119807
88759577
75584912
61654763
46617128
69333934
19684709
57977408
32588930
84115038
92890359
80095189
18860008
17489269
24130652
61261603
87233572
50469251
47709342
15054413
20037239
21842947
74424330
82113720
94528247
23421635
13660856
71245262
93303961
86061779
17760149
56287426
67177540
10884633
64316913
83192721
86310914
85814353
62010212
67946658
47289171
93427274
67938930
75327901
86693786
56649602
70514114
51139151
60359370
30810031
87032934
23740694
34072452
83180080
70828223
68103122
60418982
66743483
24165239
27254545
40711952
23805285
75464142
92944570
51363947
20012278
91294776
34336468
10019683
49515991
82924440
76033647
93905762
23777017
15315805
32726074
83389633
96742459
13770159
79674601
50292096
59695644
45609525
60366258
53415839
85914379
89717249
98276977
10530971
48353755
91444505
93926123
45932040
53697827
40644015
65146312
53368417
33361836
92915736
23190629
25185773
97962005
90973296
59953169
16164812
15950362
44872623
68016695
33782731
89570944
75591393
21778365
36089708
68275419
41780517
64572889
65278765
16137209
48213329
24880781
90384387
33802734
44177715
22542144
70068326
67733181
64923123
14853371
29725317
39669920
10325780
31094332
47043355
92316661
78109209
37416186
62763993
75566661
38895300
88092470
97463811
29263857
32371833
39880891
36442263
35195131
23152450
28190834
73955111
84636782
79488876
55437156
77564488
43881067
78512078
38949836
63909283
96792402
88033577
11086296
61644713
85439881
44998955
65698044
55482339
51376108
80822542
35584231
88392797
29916500
99031398
22886838
79577303
46381261
22646115
17427082
36435436
34935806
17783189
81988836
71615732
53013614
53389572
48861343
73052864
52844174
48741141
22793591
74916020
22060814
60942683
38516545
98652985
36929738
35849390
81653491
49944528
12403895
36315827
97596451
60182650
21927684
55599774
69566919
98451835
80528008
15344273
44526006
42544928
22224479
68351506
16934970
50995244
97687435
23779376
51304490
95746874
35704576
91263586
79851898
63644681
26669500
80674567
26990547
23940080
56512748
75427812
66299279
76853727
88231342
88132792
98481857
97518477
59464177
53702014
46991723
75819460
99616249
23550399
17008467
94864197
41673471
12544145
64161007
31599704
36416885
49639599
43218301
29768437
46005479
34122422
18797487
98756360
65707261
95078650
52486532
47586405
60749725
30681475
84478514
55654472
41645613
90647463
47458623
80472054
97276485
26484655
80195158
93248164
64942680
60199863
81396970
37877061
90129361
95257852
99141186
19619209
13938682
66661330
19880709
36048500
99213772
14934762
39281062
96131039
22262337
35655850
98752898
24998501
84050659
42648129
80524164
75261178
41683024
43578993
29906980
61166376
47306988
86776891
38905546
91920554
44093507
29431939
94325285
74969867
78037078
14462510
34197715
81392765
98969316
40034722
41466634
19226952
54366695
20649374
97254633
60976440
67020855
20730932
97884650
50836260
43581645
25176291
87926772
45557915
88852003
95146197
88007821
60513580
56912694
56614705
45448109
60766418
62364205
64029854
97448750
81794042
46830356
56390358
57758815
29858739
71615425
36969570
42228337
13762647
80056312
25232166
89053694
56575081
98834157
99100935
21854846
42547894
79759192
28690866
55962269
83269650
30732101
44492719
74628055
82477158
47240467
76813957
22095587
31898446
83015019
33204656
93669437
13180253
78301872
68726479
55734156
81712664
16370110
79806395
74883526
53376711
55288546
50805762
33824639
12750310
66842847
49411959
79462456
25463775
89862339
83310358
26283981
69622300
60400095
79192819
91390037
94330130
48354505
23216061
34013935
89043015
21621151
43132120
79875916
46977029
32098667
49591065
91728483
62719129
44217122
19792413
92405320
64795464
19814726
55283991
10745808
68855469
31574355
23305482
42222102
26875225
12615850
77907569
84402309
95586918
11148067
99957777
29291457
82735464
36315056
31821069
63394101
95522011
87057205
40943113
79150465
88057784
91305707
55147520
31585861
21912593
41325237
17447348
81004988
38245390
37736978
47265071
17844739
82251522
62327156
55716728
30624681
72000653
49914951
71303486
42483329
47040369
15413014
24632540
90145473
77204662
93576067
88735621
80815738
48028175
35675890
69840201
66481049
13676004
51595499
96248374
26036453
13827519
52029030
91960621
85013044
29647352
46631110
19902870
12225825
63537839
27484228
23532435
97964343
67414421
61770966
39000771
44761533
15799580
48348485
72045084
81154419
60344905
52329856
25223883
85610273
86712497
74611000
38580473
25502880
85223900
99285917
79719143
78453368
15777729
40926750
96813401
80696997
89871342
25722874
97004001
34777262
60071278
67010125
55590258
25011578
73965343
84778495
21648587
81035169
86949069
84585573
31965148
20889067
36102514
69787539
47019383
40797553
94338515
62701923
86017693
44725506
35455076
45406402
16811134
58966807
86187553
26423489
29919383
81614729
31166835
24430413
48751093
95102820
79961655
97085696
18367367
53485771
75588449
98139557
91082127
11972874
54694204
74915143
32078387
57001807
98118644
86268848
61937539
21799132
45719187
37538478
21178146
38238559
15525678
43528660
59854338
13901567
76974623
44265616
44777886
36754116
35545617
98061261
91747101
43578110
18717569
50623597
15489004
22201083
44884306
11811398
55510110
75755933
80116317
60222541
28216212
88389655
92524319
79307873
39876728
64470340
69464337
35163442
20917987
10510116
27981333
97727180
28496223
61882099
34348044
94816580
63087750
72037096
47027076
88893437
62677769
20350343
44207631
61384983
44251341
87213347
90413103
52598518
95396783
81125492
30461037
15614570
19803496
28078416
24230536
89078400
45962764
12655625
66975563
88441572
72929197
23380068
36140151
70002417
10277788
71897393
35835616
36968663
19517647
72175628
16587284
41643112
71730526
31754542
77333557
89223807
84064496
64129256
65016589
25835026
24132582
87594049
36594031
57525236
25944240
32480724
54831484
74687736
90655583
63516398
49001858
47791731
80683673
82799160
15013406
99382349
68437664
46734463
99935005
53676548
97577988
34737153
84795521
96197897
41509625
40015320
14224545
29289911
80525763
28468608
74312044
83681776
17264846
20418311
29961166
37592662
12286938
81994960
22602923
36971939
95155283
78434435
16963720
40808358
65455166
49376277
66860361
40932699
54662608
91408111
29606805
82020261
91675033
69607229
13886421
72733994
26832989
34834390
49637852
99134283
47584771
60054851
70352161
68396223
79760039
98022510
55229131
44188618
12086781
44567712
17977001
62497623
43599841
49644369
47464747
52356859
82030831
56033011
18913755
66768729
85896642
71110038
35745936
39504319
25159014
43034797
30127997
43409153
87250029
84873802
80489491
52513117
44336502
50663212
34708383
63652518
35673668
38296466
25699927
67169921
16956518
98690206
67454899
99912006
28715554
97826399
93944872
60843292
86110606
93725303
86421134
92735536
88707647
98455533
15126051
89052434
88490776
84011666
63347112
57658796
71944132
36225672
61218729
88827871
82162622
27389683
13309914
35470267
75323277
85856576
12281117
65438811
77733902
77019405
17168673
36465499
18429289
86269876
20878116
94936824
47109158
68197367
13126360
56757314
66757592
60645577
62264420
97632512
49130231
11519671
82297601
44990752
18421452
81780466
51280325
64634841
78753285
85895417
21928317
90223199
18672488
86781415
81479346
39035074
85216676
24570198
79086542
35944292
87027395
23893359
43509208
56713237
23049232
91581916
20703565
48594214
34806808
17587430
41762693
50561798
41903314
30266028
61443634
67927497
74942971
31596747
38725599
49099597
23295473
83534634
37578469
37407641
81517819
94555771
62749002
42253870
41506607
25501280
39593652
58126069
10915332
85092778
84082952
59919191
78227317
12538788
74108907
64001229
53321998
46191029
60163018
82301205
55710157
25986869
80981375
87149592
79575840
70365956
87963035
91702288
32314886
29782690
89629285
16366191
42693851
66654855
82367790
91270731
14751610
67588127
52352321
70307942
78942587
52504550
51907321
75306201
78544795
83002734
37995741
12036799
38864932
75229383
47729718
65939081
13861502
90981043
52714941
83777832
71608030
46951923
57594294
74862313
11948175
63066296
44304823
79392013
47376553
41630174
44272191
68730490
94010350
28279050
50998962
59615809
22529192
80464370
10527652
68673543
46939248
60993724
17225951
10201701
33211777
43238761
38164738
42232800
35078824
54741085
40236870
78999296
96762328
74271631
36084700
79149583
50130395
76786505
24808690
33845410
95152156
50598485
61588120
67118013
15400420
23372593
21426990
59440614
13834995
92577651
83390779
94273975
74444765
28337231
13255182
95202684
97332448
89281117
79183919
26199843
71060205
24178910
83724797
66135888
59385303
73811485
31575565
41094807
20312433
40937283
14494239
22780730
74904799
78619342
94424435
94444008
25253724
65942081
98642359
84529553
92637232
30261772
86462086
21452341
94052085
68978225
76347579
30461904
15596607
34955968
92461543
66207201
21008598
36179051
23596509
66854550
66429086
67279941
58729706
23849622
62401052
15982882
69487850
75366401
56639087
35601493
73766281
79765016
50858637
12775841
44487422
25366653
86995149
76911905
48841400
62591925
69864932
49374275
79946478
58712266
16463718
72703416
33360301
56258524
48354948
13792255
46634241
11189758
69625525
50203194
26048457
85149069
14169008
33027554
62538463
32725455
88481830
77531451
78245192
31277352
42941222
32965616
14454656
41777874
31385805
95725785
16041529
57498392
69770861
84000419
59221238
86836058
82507844
67855343
76377801
10582854
37516908
34902373
16393974
74365547
29589803
53162061
82116821
84206237
76661827
94634283
31351924
42927313
83941157
90230731
57468954
40235099
15101040
13624909
32317325
88772881
92384197
33093950
54425089
52581999
79914898
83419546
88580826
61815962
75820591
37269408
37976193
66380750
76655909
98200638
90678368
23539978
29398780
90432119
60604895
31139998
95207847
17414822
84531479
91484055
73169940
12738607
56435764
61262330
22324965
87620296
87922549
90471069
50576568
22587742
75904208
44345249
83484194
87360293
69617203
76370447
55043515
69641023
26655718
53474958
56761043
55217800
25123340
31117759
34482115
57385468
96725065
93531573
11309277
87411270
13350269
40693140
29972357
58697446
37088557
18908357
63270617
12465661
14769539
19175635
87698956
72335672
24013164
84645605
65613008
64352863
47855448
82311409
93860569
47878590
27086840
66285695
34695238
29133396
37148252
28074404
47232536
54922623
98002139
19919047
87634151
73362094
79152929
98839280
85022828
26351780
98115182
61430689
25781150
10028924
45960892
43745987
33648869
18469090
45815904
12396324
26955841
88776969
90985173
93374497
73520044
78562145
69672174
23845997
11298588
75725045
95025664
29581477
14095589
70009485
48300574
13018682
25994363
34954862
35385602
83101844
43215723
93024487
92614695
50144811
36190380
89431500
87926452
65198689
54805229
20985749
89812354
89909694
92017974
38521323
69199435
44624982
75182748
82872162
46554480
69247815
81767712
29922118
43349862
67178719
83210277
48305678
60276287
69251674
88684398
19526481
64460616
82147311
96547976
13652997
91382413
68769270
95333186
98601662
24505858
67747161
76342067
41837411
95851066
99116402
81028406
92687115
93668831
17631614
58157601
21200580
54463930
61768048
31754256
65903744
95821009
24061682
16242266
98209565
50478506
21859193
79760805
21141519
35486894
31564163
92517398
53201452
38441897
86689392
45292576
19931412
28438382
91037050
49907838
48022715
39770904
51747411
29376828
46567957
81726826
98008794
61157102
95269341
63185368
87532281
42767876
41863425
37732383
23520541
94046646
26034349
37794703
89212115
22805145
11088626
52901609
96084476
41911124
48790035
57622371
21453357
13516652
42048364
65312968
12276133
39420090
81393664
90353852
60347883
23054847
55891229
86352029
14656644
98499982
48625710
37593990
96530254
97303847
14640413
68631533
51404796
64958948
24247139
77873004
51613615
11797068
17874733
40637229
17425926
19819948
73780254
57901120
40668583
92762490
29144755
93057582
25285292
20772644
66779403
70847056
70741507
49956440
79198235
52765009
70202180
21123884
83285671
77887749
98188925
43808008
40256735
23097955
95186602
91803314
61341350
22050721
52917572
49476084
38029293
34510698
84740460
72565182
47351743
32021592
91952112
48752085
31345767
65968535
81713563
62210280
86088468
88625742
96396025
36622100
77757908
53783627
16830880
42338608
99878026
96585207
97002265
16382885
43163595
33365263
87300768
81073980
99361667
69540476
45102335
26695560
19737303
20722119
44419260
66410626
85654353
72229286
57041984
87644472
80390732
93929140
72678049
89293314
91850238
89748820
80401764
14036305
17325596
65898688
18291350
16692748
73454829
27463359
98906134
92320653
96222711
66970614
51231706
94079230
19960624
98959936
13433804
59527464
14424424
71792203
33305919
27503593
41024726
39938143
46217868
22541892
44750397
10889791
49352269
73073043
73937850
55087912
74583478
61661869
46234379
31974448
48670146
76335041
34065128
35336603
80169718
56235189
92565161
81189659
37644777
51184003
35301071
62647890
48557158
16055813
89755096
91992320
10388416
41537512
53585528
10426184
49251153
30039020
40585161
20540019
17772671
19542840
53828256
16204381
51662560
33034747
29061504
82374138
30779859
44550422
31303707
90562979
70477932
68774941
25046398
62883079
46879093
94333947
43384565
98225352
19461068
87046480
39809102
87225408
34321396
86561922
77622153
24943202
45373137
72815467
16107292
62655038
91642239
52358320
70182752
74660387
61517646
42974513
55186075
79318750
26239582
62704540
54738730
38333217
48614868
21770780
82325835
18170678
15325615
31714437
49351913
94383510
31796148
33762242
57668292
15102053
47272885
57857302
71210320
98747322
96397512
33683102
90563594
87870442
70762721
64273093
33101591
44321672
11980407
80996599
46205822
82929791
84622996
51578304
79425004
48604151
82095157
34590426
71035761
69705270
13236974
65162799
24450797
29767334
50650539
72069228
27736742
33582718
62416273
73416637
29567228
11962626
86641067
89013172
42886959
15278783
64419472
11498480
59843003
74526633
69006387
85943103
19406283
66016160
18005252
54455249
69103733
65223948
72014709
34848963
68759484
74966906
62415090
59579673
56736407
45917790
45909631
53609417
68854298
22175351
20823533
72448756
72029252
54417872
79102777
67340592
13152228
97265378
38891649
11858560
54789672
57419223
36656676
79031013
24016067
95373545
78250229
89425293
50123450
43392361
99447066
61682858
92000460
84912604
57576967
63568094
69654012
46920896
67950227
38516818
23311804
37975276
54992052
35140326
92365496
54445077
91120348
60431164
76450799
56790540
96014914
15364581
23278175
85542675
54725350
71871590
62965306
36163247
41991135
89694122
57989145
32286648
84774273
14563656
34983476
20626618
98300952
98094996
63109861
95164055
75859040
48067125
45832871
42395824
32915946
47732099
29596331
35107838
34753336
69344887
91450347
95783432
32003394
77015211
60911776
17221443
30977878
51229766
94480087
64870194
11317061
43016561
49367583
17843977
43664933
71705699
86858387
87762900
59753034
14397873
84144533
78021936
64977725
12333092
64781513
60497035
96516772
47314639
32468788
46105858
25989204
51627069
15871131
58482585
21593341
68578745
22084872
77897749
44576260
18475066
15086062
46089078
57680878
25807336
96576356
56106773
76122487
89454287
90404109
49839829
90399683
11312031
68089369
50368777
13464876
51702685
92119780
39846754
86632378
87364139
16700988
35292051
14457904
80551022
78352448
42681603
35495363
29328417
58838499
87938094
67470310
53996022
28541328
35434649
28525504
40354084
36343912
85045488
49137983
29242002
43295014
90762046
70724294
52737310
68250916
14129095
92002818
17622410
66167799
59673861
63115738
73226883
59064244
27803710
10475013
36830800
75427414
33516478
46750261
35146644
88607160
94809142
71407473
63443007
76330300
59282737
35595543
28119694
48827439
55367425
12794206
32290691
47846496
81340184
58477089
51165851
57705726
31661123
75589277
86584229
46428103
19622602
56647758
21236610
32407446
31861589
93915925
94180481
70567453
71802263
51867653
54018538
75240641
29187786
48581650
42872177
85499958
71527483
49546342
50356032
30346089
68508614
49059473
83071740
51136797
29414753
64344642
87750258
42493324
52311444
20733821
24634445
11808382
97935495
53544624
35404709
47091186
94194662
62933365
36971438
72068712
82306909
12185315
81956113
33981385
60914882
39397905
99441239
17378420
12547795
58914217
73587074
94166676
75805092
62267190
20050821
50794075
75408679
72029204
92018185
55736423
24838778
54339880
10697608
59447978
56567713
74947192
58967324
35725081
12401597
89119606
50274736
67487406
83786610
76752101
55093249
86555207
86060473
61866635
42244169
23595786
45394194
90202862
94333451
85867598
97643500
35290945
46323630
29795402
23741121
29180306
59853470
44030047
97850060
34538875
86872404
21739206
95190249
55206365
23748360
21344600
76702617
92367548
17442436
54653432
94424503
68740244
35842592
11463505
41117474
56723225
21802375
51879010
30399938
96914749
27345388
84972409
79324196
91100225
23981954
44155208
84196122
84899315
96552568
47944148
22521939
61431611
82142628
12933969
16454806
42702035
15196491
72985129
76029979
85933847
36921231
63736731
64340742
42323698
93627382
95044480
73561601
36276088
83764243
97746601
52692596
13875090
69002451
60878948
92804436
50428006
11810847
26285157
27766635
52669895
34271011
20920253
36368306
53178602
87846401
97284631
17767011
64527490
45043210
15945185
19972458
58431212
37594232
38637890
32263765
81990843
32519466
37561659
96469224
26099936
89275276
19427673
78728270
70781686
58239253
21392148
93529512
27352682
98947656
33664714
71621696
17938080
96373325
76450493
76150732
71674014
47140533
94006779
23774062
23266209
83738529
93281411
72745537
22820186
61376064
20525698
65891300
61037106
84729957
90733732
16228909
71131460
51584308
41151434
52727276
64682698
36048262
93991165
13133517
48075286
26513365
72978774
11973165
34084887
77685471
94371967
38261709
29737027
52914655
43901446
15131218
88960625
23293668
78565956
19533670
56219731
34511420
39798372
56317437
69947284
42768402
92672946
49255050
67928967
67253442
13164879
69164824
99757850
64577771
82485923
53518287
29043581
33912750
80226095
15187869
24668085
18152469
86217428
23213756
42065792
69741027
45009298
21969831
51370945
67893456
38294983
20553392
79255918
40909530
59178316
45411166
93793469
10892414
78421587
60588066
91766547
73449955
83987250
50819946
26092100
14149245
57766059
29562888
50868264
33017596
35714084
81290861
61217664
67419165
75693189
43402384
27116044
45519760
89714848
53578125
69560458
15131752
94968892
90113129
56042060
96605740
18603453
59748596
97965578
66813169
96197831
42327760
23889323
71092857
48556141
67699660
44550306
39916626
48961950
33441688
65154685
11454719
36388135
27391831
94696190
46100693
43486437
69288832
30490084
92779362
30926191
85029333
72270562
86301435
94751444
11745662
47637297
39801953
82173634
36118081
78829199
94119973
74736097
54965258
84795427
52588824
72570896
31254786
89356262
23385174
34658577
53607591
58907002
59570689
29802351
31597627
44991263
83359844
54203859
16209936
73618594
24419084
61654662
19425145
50430818
50908304
55624708
73925344
68267264
20134514
34527929
41418742
18745378
20316830
18477019
26459525
91924708
19519247
14199651
77750497
47498333
74681873
11027497
85076605
16275785
52206497
68902683
36580761
43007064
30565360
87282585
46053529
31074706
62922246
83098480
49548529
43428965
78967428
69112306
36953789
14150989
54949762
53244591
44410477
85583006
44301591
41888978
39166878
43000689
20780278
80040217
32996867
35900201
90687157
93315570
84685314
77575201
76835370
36228655
92737499
72634228
67473510
77737347
71519080
68420739
58014568
55848463
63802487
95413778
88332380
13087564
18574076
50631500
78543351
27678187
59608823
14618995
45898201
98695932
76169713
15193479
95628350
80319142
73667585
30848955
77824820
68423999
93256576
21519173
31623014
86564033
40783566
77241425
12615766
63877670
78201153
26073110
26059533
63106590
72104021
56499088
13405505
35711350
74193203
79754656
29383318
31974918
91007932
90626491
44273060
80112257
40512034
39589778
49848775
28993002
22243500
87268024
68233350
46457825
79103388
14002467
99555022
72385509
71142921
53447954
92140434
40487120
77939658
46630171
59399693
68182771
13713550
17130320
34580003
28477518
32588937
55502477
85811685
10569196
45606217
32860385
53452212
68518617
85597223
86734999
93822461
34755137
45780824
18419808
54367266
64808103
96693795
65143966
93128697
58129581
39585743
77447277
93053928
76996720
30980244
38432706
78898888
40933066
26317047
39718278
98403890
14787380
42232900
51121054
61554437
20336418
52174531
26954853
19160702
11743681
82255403
54832026
44299077
47431136
77384374
68656677
51010974
37066444
75988517
99269103
86343746
89549633
80432602
55498827
35595117
63916706
50261482
40528712
97780253
58232982
70536799
72321264
51333255
36509846
10230066
35981940
95615027
29842422
87128185
84762221
16516486
67314229
26812169
20226421
78086508
55172968
78403119
38781649
92626977
22870838
74396170
47455308
43895197
18314364
82502147
96296479
21156890
33443601
87943275
45278731
41314499
60250787
96608175
64245129
65424634
82100928
83850170
84588697
59826886
62061425
47307368
23652280
89731288
53819393
66443629
57667128
40372827
69566746
13739137
74985745
72111761
29236389
21597902
48013589
98645625
43372592
15221936
98075150
25871730
54084064
99323673
60602371
46450628
46017226
41856833
76823811
32920613
22611275
93081082
97117072
76343384
33996678
80349857
10591147
49367665
49747448
73120048
15512697
86863795
25343417
30269297
88603535
88753178
83719122
69034061
60069599
80502900
55576245
40876099
70825662
22816937
31105629
19384052
62373777
67519516
88726787
77589722
90927892
63322666
83682426
80083609
44829904
12661800
42622958
23283829
60594537
65334817
16781124
93383393
41644692
42711649
42149477
90350096
94871348
82130854
22552781
80204589
66983953
81627240
40656411
94511774
63828982
45015073
61031457
50298703
69309614
22103841
61980595
80729049
47457787
62572059
52418171
81314849
19286754
88018599
31703886
30952623
80316587
93487782
85517346
76353125
85154978
22210439
27895619
67770933
99243218
77327925
25011571
62098844
18956924
65201057
20972204
36086719
14352803
96621159
18236033
11391392
61544260
30328863
83276322
52993533
26998820
86885827
49259902
13085893
34986305
72774584
79006723
37781816
30252906
58376315
79226369
73475354
99987435
99069289
71116972
31216019
35451744
29820459
76512192
77343142
99158442
27713596
48088652
86315648
33596824
69001430
69510045
67459714
82716894
74920826
77055767
92545650
13891582
96620905
15182416
24208154
87792621
87301966
84900997
33533460
93502165
56383315
76488964
30609834
14768467
70902356
68664186
41113921
31867803
46228185
40372586
16923874
12176569
90864304
28231866
99547750
65458290
37704615
89563496
66872766
17277641
14841955
38045913
73123357
28047968
90703826
69206466
92759279
72472710
22349952
16671909
56879810
78600420
55727281
80872381
91681051
97316747
47407909
79247788
29709992
53510538
37975935
91612424
76087933
81393281
87471446
42335239
61281657
51403364
85097193
40085830
67191623
64333390
22859887
72924342
42559233
78253567
45018891
60632740
60709358
36604788
11786974
22503395
57551980
68333879
49280151
68674793
66923598
75758949
96465569
19052683
99192588
71283630
31896482
25332336
29845202
16053080
61896878
27481359
40093111
75304804
54430607
35378109
74052558
86226394
96079923
93875916
69145369
73459136
11201331
84289102
23597100
57179684
83884544
45514103
97459040
10582361
49390380
59878304
39831472
95868990
47559634
52734312
28900787
97529401
91661348
97637749
65056566
26739139
43571928
75869557
55266333
67641485
55604751
32765558
38902305
43936391
70282020
45290499
65293107
79028196
15543282
78314306
71768278
68635570
23645447
15812210
54530523
69177968
33267237
99646660
32384820
80837237
90747747
63993940
10664934
39538049
67955441
54502722
71974941
66608863
62033017
23619057
49418969
83364147
47818332
73338694
71186859
39573008
20137642
93827498
25479231
68395850
82403704
35315756
36631488
35423917
88157313
18979030
31843547
72033568
20482237
64748832
64947138
26269432
64881710
28779847
32572171
49414120
98537936
95096468
51198464
76991835
43776758
38398676
53832722
29204943
71337988
97500551
69194132
12382953
22332666
10996248
81172823
97342861
76861090
43854919
32773220
12014480
28385234
70288551
55527510
41081989
56243679
80067139
22080209
46311220
34877982
82057564
43335971
62935465
80381976
67209422
91260661
20760936
70549193
36254353
35493165
50323390
90146581
88790874
63109988
59758898
91781832
70275041
66022088
67546174
78815724
76134731
18477914
76322157
20923515
12087145
12265357
81411696
77045462
52601309
26584774
39074452
19168543
72500580
60183145
89824075
26409124
85447875
82914850
27750072
21527447
16725069
90940618
42459219
52496843
77660424
83016191
25211476
55538724
10983890
30000714
81519512
20742006
90431200
95215760
65564707
96911866
68209532
68529867
74176293
85066295
85069338
36964561
78765459
87052060
41908089
91928879
21030882
94340656
86531442
57345071
67968098
24413920
68827489
55727098
92362678
86698103
62024493
49204054
35403565
17753845
85990415
86917693
82250966
36873176
43716980
18723042
36874465
60463097
30144144
16131462
71578766
58164474
25979923
76448726
58063483
80324639
86393091
45492851
57003440
63350874
62186916
10502427
19944964
15869453
61614944
10748923
36015788
35170633
93137241
45028921
50345828
91725362
55262766
80683054
14714168
82356990
66650700
33519153
39269615
77501084
48247406
77537678
25224085
96489457
60768818
21147030
72142756
63191101
34999769
29291598
70726812
38820379
43289037
63990122
84514473
38976805
45876634
95604728
93217597
79900336
69618382
70182994
81591509
73377471
67208258
70733042
37104274
16469109
95365472
86053850
56503897
26302992
78235796
74697764
21253146
38310278
61181152
10947502
20597690
37508364
94104257
85125594
29180763
27707002
95666375
97673841
74581594
52334104
23910662
33505557
63623558
20117486
38264565
11373342
31976645
15685207
83597946
59270163
69663217
68646604
36627542
26504276
71555404
32133084
51119278
90394587
45132706
27725752
16282679
87756439
75122298
72692092
24643320
84718968
33514406
85361999
18648969
43171410
62241721
21651914
69501494
45938541
10175390
64100096
71768751
31832723
31876015
63612358
20055141
81831635
54626041
51809687
81574006
30717864
94165141
86062489
11506465
92037769
17936154
70109103
58820853
85335896
56779525
68539860
69532854
90309140
52381794
25475905
21918391
68209796
91406457
24178018
44891432
75872557
64781438
96594064
85536237
34623793
74004330
69397842
75822613
92364000
51000510
86323206
72855470
58248576
93858464
97777618
33081565
76067940
43096861
76956257
95478936
20887818
23289777
24455352
57692765
24731509
40426818
84026849
49507008
92414653
56449439
59468605
76087513
18977470
99811700
48942351
23867549
77253924
70731321
52068258
14785761
41965793
31144251
50115082
48325868
64436537
50235589
27531063
82239994
17211755
14974325
81710787
41001930
21553816
92755351
36212504
75065823
92215732
81800661
49832373
26940187
82839553
19265016
13826299
63361599
42530989
24526379
52588162
11134718
70835018
67806549
71225148
30246540
94139119
56867568
54115094
77838639
32273976
33678601
58381265
97654264
10725148
77655320
72391640
86057445
19431151
10989058
13618911
98005964
86825804
74751439
77770783
52061488
24032781
94941981
41987247
17162099
36030339
80216160
87598539
15649649
49603295
82901885
41026841
44899998
83309256
62962042
89076486
33889979
44660623
58443716
44643407
31220277
75701915
57782044
83161370
80119101
90030878
56540102
64602936
33680135
24286702
63686458
65092948
69395383
14903938
30465525
86777092
59465519
75501447
69792431
36860970
57418305
71321585
63216020
63061261
74500295
29541411
16592813
59484181
82139087
65538103
85520350
71106723
61565554
38271210
60126344
42764427
22312390
75604647
14766030
80031407
14598505
10846894
76397941
21577273
80787518
58523489
45242981
92775668
55541940
41500075
84948812
77286088
42169793
91380750
97978466
89787600
88847599
62149191
34741785
58300557
73381279
64756616
56332794
61576326
19595217
97992768
93167627
68450254
36890899
27724635
89833667
95251832
58406851
53533430
82103986
43095652
14857519
51368546
46206807
37907990
89459969
86747464
67284895
62456227
84955077
98344294
54659963
14357829
52071833
11481463
55609372
51930125
15218032
64317361
78767950
69409463
69367682
97584744
22829038
41229593
83606228
49430352
25810313
62560182
11577567
50063583
45665939
23446639
35775968
82997713
48643265
38712793
79689531
54041797
68137987
14843690
97835661
33812357
78911137
82122316
68419021
45239139
20788849
51936532
42629021
45061182
89663923
76436876
27538483
58612745
73473260
75029342
49435026
42865686
25414824
37816120
37992022
55662001
43302563
98977511
29296021
10275782
81159169
52531087
82120041
67474761
90505816
38927906
32960216
60260746
82535191
68247982
90975213
58968549
37513243
40811667
79788220
42267400
44765462
56349720
40704175
42058791
40114948
17023100
17566418
81370368
73690878
57128927
68295746
96345017
44983315
51812217
55043729
95566512
80112342
58238789
77631671
88689690
79903778
79863859
59287425
34817067
55935739
61292515
91838660
16281182
53678995
32488191
89564462
68681953
34595432
12770101
63450424
81076897
76028938
98940368
96617399
37667565
11852155
81460594
59480338
98539209
66548015
38432880
59418382
73509458
70801970
77252426
83021509
17741512
75347049
43197253
42969014
65260477
36630128
22989991
62103413
34836953
24635043
40976527
32790659
81976520
55868088
68075064
60845376
80980646
12598749
56594354
62116848
77454525
67225942
72546572
20454988
92583485
16780713
41745952
64802348
61647881
71708502
64898394
83302819
60735661
22197250
48569008
65885454
20738493
10673025
45338534
81129087
41777675
26288381
97537581
71800879
39197904
36174458
18027621
42103697
17552838
43965955
84705411
97198612
24142291
43079926
99605198
56438774
25286505
26283459
96275264
47790150
83783480
69656793
55517666
65321961
73379629
70135647
22585195
38133983
20852042
17599233
78438756
46772169
52947765
84076905
79156298
15478468
37140032
46382466
94188583
44896887
64337685
83954903
28285132
83096907
96737019
74239898
27974829
23481658
58428999
98239169
74814553
37165889
46529249
30320715
14056212
99706607
25474162
37453345
30803987
71151648
82003111
66673943
17899859
30954179
36950181
21331601
42176150
97777110
37590665
29425730
75849723
19661683
96972954
73243024
88544825
51682052
30142606
21096596
72006391
80321683
40188917
16579773
88674251
47669564
23296454
27180052
60649550
96700099
80870405
80172442
15141465
80986050
96270605
79750605
10695774
86620795
32873727
49998793
29925092
96686279
94709004
80331552
18445504
50637256
75106258
49454530
25750436
22042271
97087593
88540652
40571177
68798171
66881387
41188733
87093083
60471703
93741860
25183977
37002222
14376849
60604043
89277424
50715142
71235354
94071286
96546681
84835638
82322698
20409833
62243055
34323009
18380204
25472224
56581329
75653697
69653374
84010311
94275888
45991071
24926741
30114122
92057238
21734463
97210125
30435783
27356984
74829098
79325157
53921125
34598720
45703696
95439038
11459011
92491943
43508891
51641144
23494598
68044666
92375900
12238833
52077301
37937224
30095665
30684760
92932075
81396993
71876992
79766617
59624999
75201146
97369648
17453168
81124620
67496963
49242719
60948579
66877149
63034612
89147450
30321563
13615670
29515689
36245408
59091707
68379667
72825589
80888516
95784858
28323130
58819629
39780649
34639180
83074051
83942700
72043721
80310582
90353926
83193275
83035901
79888657
21483885
90853540
87777132
63487848
74169635
77806088
43575743
34047079
24179861
79110894
48111348
61132464
55142259
35979276
75862575
34223420
42864159
90194897
38686420
70227177
31457494
52829177
21320672
12034720
33184132
61620068
45784241
44749349
17286346
78695874
23862716
84421494
24182465
96623878
52909722
61927100
10673827
30760835
38104724
49602204
88043770
81300989
42448233
24319071
79038467
87148237
49898408
25673663
59335069
71824694
24008768
40145446
32100708
60027255
46055970
73780111
82859887
30831232
84760852
78953865
90708130
49317569
79103834
29198128
62604573
74714985
87734848
38413872
65639549
59839808
19505107
36610011
64985730
37517703
22885638
15368672
14486994
38773450
24496716
49354980
86809620
59425604
96285527
10106777
25359222
75875589
66963451
76601082
73035627
73814462
10081713
66952992
20347507
55578028
54237112
73045060
49031698
65584799
79517014
66890834
47431138
37004838
96291773
11830182
78459588
48312665
44603528
61795173
24581810
25413955
70983780
39982843
54190128
21084778
88974668
82872492
63759969
98227707
80734444
92765785
11922486
68249239
29432487
12598226
51071809
35987380
97231156
31552082
10282280
26161585
99442915
58952731
44238132
20757243
23351934
73984431
57956361
62651733
15688138
20161576
19994480
59828551
89466413
52813237
77133136
73067301
42422121
18746545
75527740
90248890
26102918
98027430
77734546
58955599
11801034
91223984
29399905
39212786
20625965
12590115
11808915
29978059
81190944
27705849
61998961
54215866
35893067
12518036
39009132
38761008
33800123
22819346
16108298
44499657
34582758
31833144
89042794
13634451
47429948
31046283
60456565
95832942
16980966
53016445
84341667
93908491
18181789
62855492
52546919
44124458
82406343
11895225
21777648
86435958
72278450
36871998
18485653
84533837
31250602
81008285
95012019
62373530
63967168
26519774
59301347
12063018
37932205
73920302
40567008
61632593
33716961
33675974
45982010
12382337
96889792
40134978
48971872
26547969
24956667
52119621
17652124
23124953
88980118
51943737
17006383
13622886
25957780
97511348
20824713
35060109
72682434
78818166
83027365
18170380
81065502
20387983
90791807
51738604
33893090
44917149
92346035
56488851
11624240
92343731
46017843
84786678
66824539
59464534
33930277
26805355
32255311
90050593
86922711
31921948
24226847
74067720
67485792
52413464
53046057
53423033
33634132
59323395
84718568
30057374
31153827
91394670
34694742
10954495
74215822
84206273
21722108
13405125
71596871
11755093
54614423
49518553
73083813
73847582
61690984
62203307
42901633
63341957
45961753
57897039
37475796
72651975
26054721
98252828
72251595
42640304
67776969
37120257
90908240
22434939
20048634
51823170
34242754
74310558
41508564
38008165
77158766
61743599
45740937
96479922
55535258
61745227
65185245
88118371
29023935
27753693
55229734
40593928
36583125
75772812
64607091
17801542
67117571
19667913
96022777
10233604
64450910
83623049
17199589
98775350
52487150
77834349
38440981
25182733
65812777
96667057
12215640
36528694
85017265
40948046
45639302
75285608
42341503
64287841
84047553
29141660
42662188
87181867
55161165
78931037
50727772
75980465
42359178
91547957
10567300
40240522
94366279
76624869
87251739
21344595
56413435
74916150
93690332
15134258
84530515
35894329
97309626
91239261
30482868
93492343
19365720
15947585
32855655
43420426
50316820
39852922
17198025
31831069
96325862
72890273
95314237
41026350
85181874
64179429
66433926
86354146
76146839
68610427
15682468
50092447
32692578
70185670
59245866
33236780
38658456
75329624
91133586
54370655
89318183
27587565
54779497
67288892
50443050
32946487
10261117
26135727
18770076
24747178
90867552
99888230
19860391
42133219
34532620
30256585
15366170
75377206
31316384
25005335
69794426
67529298
73962313
19235614
64746927
68299539
69050044
58254103
86774623
91616868
47782111
75681179
19901528
50719439
44206983
41177798
91175591
59420195
89491036
78824423
82016198
44690497
75133913
96807904
83337329
89309315
87137264
36045217
86161049
34557640
32377675
48100411
86842226
64380064
85755180
83854371
61726631
43675281
17129973
10919174
23949102
18693124
69777988
16952003
49117109
81640015
93970486
41623306
81050811
29258976
91587277
90742159
28581180
23584898
52557932
26025194
82716420
24525519
71545727
47384741
50789683
36033079
30863588
87250308
88651032
53610483
55547523
45480973
47195699
19962554
38923790
69227271
18454251
95383525
74597163
34243329
26239329
58588506
24861339
45698924
93093536
35453682
36350331
35898179
57746275
19500668
49600150
21635044
28901245
80540773
10248450
26833641
14037450
85607332
35944500
22764270
72587712
71374225
47208869
16663918
29601647
20093508
79990126
73861452
24760038
86976513
74322680
65403350
41027471
37732668
65246873
81474673
92890240
80840093
96139477
96614510
91394937
56786069
37364160
87781929
71683065
80766709
13415134
10631272
66583056
63425029
52478167
53495097
21026722
71040564
34240182
60571639
53787450
38819817
46887901
88108523
37990664
42195704
81203593
42512910
45003001
12076720
24221950
28472300
71195377
94452753
22153679
12756773
45557672
73787290
81671710
92503432
95517428
36614332
69154044
87055749
94647680
43328649
23521276
44400054
28774277
94226682
23375698
50634392
56696997
86097578
49746696
20129767
68692460
65979595
22276995
95085731
52042720
53168451
23544070
53713077
51136121
55800149
91682732
89297961
91435818
32943321
44685267
59712316
56627357
95522350
23108667
13415194
95058756
63781180
50563729
14234937
51234342
46290269
50594449
79675603
49632603
94347624
89305669
53507070
84998931
27895644
15828715
23347561
37067216
64103334
60609396
39372853
98573108
42946959
18933929
39680237
79654644
84829510
52889192
42957348
91225068
59976453
86901133
11624362
77338189
41202657
34943212
19888746
83506161
25623475
66749690
76899939
13893071
92781087
14148747
86599745
23669258
57344702
12920629
90491415
37731492
28627308
62787412
70987452
61079760
40708143
41083943
44786623
58162916
56169154
54039960
21911815
14648301
70153406
16833817
38168204
47602909
99790948
82239786
16599084
10231647
11792265
25057963
43318731
67469598
43922461
64855114
79692213
86741211
79124237
24866690
32682656
26868104
15551497
32282973
29866960
20777704
48500428
28589298
86059965
80803266
30397307
77298339
60075021
11748229
52096916
78902454
79409207
98417071
18684179
79456115
93169682
71747500
52128382
59718491
43539168
55278253
62809240
53076329
86160790
53103485
99083913
18395887
77477112
31239470
73899578
52942318
16768827
68207194
26230714
32546648
71090451
19562003
38206758
55830772
70813975
29788191
50778958
89490785
91740210
78948275
52144130
72263997
17201585
50728297
40789834
79033528
47131318
73232155
28064756
94623581
22432417
19125012
94891525
38870722
80928016
52183541
20037143
89680588
42560285
30975791
53130210
46137537
30027837
64444298
74145769
32427225
95221279
65572001
39522335
63184033
85310989
12285006
19483287
46158098
35942623
41430536
95595857
10732949
67118885
76182986
64668021
18888366
83424748
78517139
49096364
26605015
95473926
17152155
81645544
33881696
65833265
62994813
41848497
93912711
11282396
16412444
21062358
54017900
12061671
94869507
41767379
72946229
52790970
26186807
38674107
23436862
22557337
14053364
82795243
40882950
33448194
20527634
37907670
12777515
96810780
33438478
13281014
78090433
74906489
67785575
36909111
90424506
62272967
58597589
28092089
92619105
81995823
76848025
30083012
86112257
19344973
80733552
87754057
51844642
72258253
83264545
30982417
51065971
38533790
42005302
49687045
78115139
31836118
45462599
89374745
52282153
94176418
53454961
97889493
74331076
32054888
86550886
76409217
43277085
60071931
25781278
26171372
45853865
92166394
53424684
56410713
90365034
67397061
84850859
84243847
64398516
70802589
10192727
31773532
37085709
13123672
25684408
62787757
92626606
88213693
40915064
12432556
18049958
81115010
80959190
67380591
52531614
64701151
65444659
84168345
56852279
84427342
16328650
76989863
59735823
83980770
22163837
83138393
62151139
84776257
88800074
31328570
63055310
71793216
17074908
78138830
92455344
45343257
47535806
90099416
57603882
79721547
77429802
80590277
39755973
56259855
32019456
65082168
63368498
86715122
71074514
56347571
54481708
86385555
57092892
97325278
99426427
96164344
86325648
16337556
74882960
61813847
46805077
52859848
80254389
56182016
50712247
51568652
68450297
89876635
58279444
40203105
21091223
76846506
37613981
22193587
37634981
55696485
54091317
46939847
45642243
41234848
39735967
33910872
18035591
66704076
14011353
10684651
98463082
64863510
43025427
17061441
90801106
47622829
29856714
86522982
44089724
20847777
80692614
13024615
70732037
72199015
85721644
58459809
44872790
51621369
68558977
10422707
89586474
92390554
31636412
17536917
42147006
63503543
37974085
20311234
34682900
40307049
13195152
19294353
41492707
69377047
81659025
25526946
70949534
96727225
43614299
18074227
11498527
76941751
96967641
37142802
27120240
13717359
71184679
59108333
69147574
49491286
38626574
72580805
49178043
15391414
44282650
92857281
48823062
14262549
18204634
72059039
36495353
95157686
88074292
13598981
68545303
57941177
36285666
10378230
83416880
61881053
87926285
30788794
24564612
15403218
61504046
32562329
49718297
91193546
21249388
15708261
28879788
91518539
18729116
56638181
11923279
20473025
80591326
48046641
98762418
32441643
48792214
88965208
35686220
83913019
69902750
77229915
98476545
30541051
19409918
75517744
59838466
54915804
70932073
86866482
24045641
65599765
19594940
70133162
81918281
34118772
98479405
60369487
72130607
16716867
17579634
29584438
69609374
11315775
75708958
85511406
70757906
13235946
11284609
15063019
86874447
29409288
68971637
57393536
59381671
42450920
67935145
44293151
72665012
21385629
51037296
33366754
59387697
67006279
24107046
23827240
73469045
75305482
62480059
10695000
55223950
17661857
46037597
13876033
41372150
38790539
30195398
81609890
38683765
70646627
70539423
91040453
85587474
14500173
49705743
48542534
36472247
53697548
31851237
26014577
24994144
18414129
88683998
79087689
17097471
27807726
58669331
74048933
86407152
93720201
32584566
20908692
26917740
86716599
23036579
67004172
18842329
82889494
67982869
25788436
59055930
31386312
79777743
44316537
17640470
71090112
39149748
62456377
46370208
68555753
70338668
19662645
34735082
76191726
26085090
70665237
42474167
58451813
84848568
97786221
95539865
92573678
49781590
35939497
28466482
44583681
79898933
17434861
15878659
79277228
95917060
13768436
97654704
17261868
47328856
41421479
91178490
25406895
66240192
13830184
43271913
93714229
55501575
92688523
90526612
81655951
35631621
79039524
67578512
84975242
86765986
87997307
91726451
29038629
62718697
73103708
35920900
76028669
99354308
89563915
86695681
30616266
10855514
75544853
43659531
74970114
96716161
65284290
75506226
65664923
80068775
34171417
84037230
44267688
72917976
58209990
91231415
22434148
10129978
25382152
23820601
67195137
63988342
79504645
73910142
18818015
13149705
85841247
78857404
12663438
92010616
53196035
80541779
82983976
91814689
61087502
14529139
87046091
51421741
51769179
37543387
69679153
97480226
39963565
62288060
97337710
84533397
10857846
99760572
32533830
71889660
14382786
94882966
36323497
37228194
76032579
36184030
67837260
64366899
66063202
21236837
84251383
74387710
14242349
22021123
94332188
10538987
66550949
94098183
55083179
67534315
51048916
23890499
44415261
69088346
79232067
88729901
40497927
18380185
25022466
88150463
76155120
53493361
29008581
41116271
19822787
32576928
65730089
83450310
47400927
17759365
26712084
72635296
81658828
90759141
57411455
84239369
63525848
85132859
96459019
65278593
47109331
81575401
93704106
98707996
86902482
38866728
70645688
41849457
46294690
79255278
16766691
99424152
32287816
54107370
51443494
60653853
38100626
18755522
13449696
56904082
81982520
88962036
69281168
36859324
26694878
17254192
93376109
31641224
46665176
78554795
14852850
49123850
16331519
80709755
48336290
14273227
96932109
85142371
82178711
73020422
82779108
24338886
55007993
74277501
30123946
49875235
12660597
85400330
78730125
20833198
97190093
87716164
70367883
65636234
48225226
16398077
55260841
60808012
21217967
26673849
35926594
63269634
65617273
45515338
48120884
44295928
78553495
80907651
71007549
38900281
83223367
13145980
82174103
30357828
76281895
33396153
79973391
55724799
56449647
54287427
93445783
36852831
80480210
58127717
83833210
65717040
56414333
36966912
67856042
85093633
66156348
38812172
12125493
15207740
92583851
68656086
45452045
58627179
61197931
64907432
52817966
58475929
28276085
68421711
54670214
38788156
28706733
23492067
60593612
59490101
64234482
54808635
95876503
22134257
28541520
94208594
76216639
11325128
25958410
39994931
93101386
44992501
78888719
92797447
43389611
10178226
63664780
17792831
41207595
16813040
72485403
37765722
53201893
29884720
92972313
83208659
31135723
14965121
37669653
46971179
54839559
52521878
24654435
66322190
37372444
68093955
67836497
55973028
15569706
36520084
95550577
20832503
16418416
61602634
37918613
29018876
94203051
29286643
77068633
70661568
56604925
37783781
54593882
91381481
51227606
75497093
47353349
80066683
66459355
24990090
86546378
77988101
66417020
63305326
64891915
94567299
72221424
42412480
43710108
51035296
86262522
72613987
40745987
84854737
60978399
54676874
75108867
82820000
62622978
90998979
15827014
35163907
82546846
88473386
24815654
89989354
10491808
46275262
85055384
51449688
28892831
82402000
36560309
95677097
87328023
89266534
42814194
84874891
93185121
10531372
57338629
55337740
79020900
23216531
65071238
87636403
80455951
97127788
90025971
28686412
49704451
13524195
65897968
59569998
82232366
61274829
18074400
14367303
84497600
21686952
35469344
15446444
17059808
12655703
53639074
98866914
21123028
32377867
44938920
20726776
54737737
97926334
92986463
20286328
91633984
71265113
19458582
62965203
91235349
93965558
24064345
30545785
58602413
75241791
29399726
69802122
42779068
93578997
25123307
44159782
20500017
96948493
38164018
98622816
94284222
26516725
18089227
51990994
89928583
46111860
88499996
20800074
40287974
37738287
68187015
74730530
77575385
54796999
73824352
38580398
12243593
68984224
16942538
60238030
67893495
71375677
90567597
90985634
13386821
98324551
70258069
25304541
42604845
39802922
83441860
47086948
76670664
58652012
58793781
31586255
68138555
49208218
19477880
47606424
90114023
89894281
31995521
75364026
21117960
15441246
13806415
52710488
39025486
21694486
17755648
51928896
12257371
94736701
65126566
61255602
31968625
84968126
52678314
65807323
40679398
65261670
74759435
55831021
49937844
67575185
61865666
61677399
52547245
81310323
69229126
43132710
66519627
17619461
54351787
23561720
97109029
39141769
79195494
60643224
97456894
71699516
62411563
84023483
52591608
67228312
93994999
92730198
77849318
72232515
70472874
60352191
32382103
69451084
14042797
64583631
56383046
56085701
99690442
27043397
84321490
50242943
98020713
95506285
84751818
48810366
63008201
71473566
30378594
98777247
49683812
28211955
24798525
60800969
73207198
81229461
35532608
24205664
84124495
16404282
86172289
19449804
18567563
19998526
11984093
62894755
18519805
17656156
29801000
64795378
53771244
19009929
45884799
75108141
92001120
27481325
39890106
93607088
79254493
17441790
36889854
11335537
71848014
58327483
79779183
22676421
61690365
26324483
34002306
86585163
63460927
93694736
62625392
55637241
37979053
60582291
52420806
52748865
68721804
55822060
46641305
21621983
67854158
33647109
69901528
99463474
84643277
92456506
44539924
82420428
23493590
73933800
50002701
49749608
74582609
53921535
59590395
64148659
80558001
73359287
11716508
84534638
76315344
38222993
52134165
75521311
89317101
91265629
53783491
29730506
89009501
36807172
37653568
42087759
21776991
27993714
55901700
99555168
67253132
80813086
67178279
73601308
77158509
97630135
24805325
48203047
23736301
45867002
54414395
70883665
19736920
73392908
90016043
72792166
93754505
87119272
59232119
83740630
65535532
76962245
31037259
87276471
67658966
39326501
24167801
26848665
46039409
75269114
66030458
70098934
47785281
15889317
65643266
36805576
98190610
72597529
90559422
23891893
72823424
84140638
54780333
76106854
55378531
82269234
40157976
48068597
65175381
40339658
21657264
85988868
95542497
11824822
47811266
79163627
64492873
45841122
69800089
69590409
57271412
28036536
79708656
73347132
38155890
66447843
78898450
46960619
25837102
33728943
90415760
74046272
49385135
28892702
57812339
38695818
55427250
65884939
43992130
88178782
89203453
28143152
69229242
21220157
82466384
67143642
63147969
23132596
84783586
13679381
12244773
27582944
92413018
33053501
48821930
70689559
99030539
41619820
59130019
75209853
31321603
39811503
55768152
28240143
98892471
30279368
47466512
40992323
78099277
27466356
21802724
46006002
94464096
45513330
78765574
89734943
60955602
96614045
18387262
20587624
24016333
91687985
77058687
90073240
61283317
42398382
75957925
68836058
32976684
64357077
88054606
75223561
89008129
27451727
28558802
93137826
85663158
69286253
32607712
64023515
52944876
29695370
40835126
23885901
33415533
17200269
52988796
11640652
23815702
81169803
21683390
50572375
26197215
87561865
54352811
53300104
31699551
16734224
73444978
63844834
51646776
74567476
34670232
24884920
98187445
75516749
71811774
24979160
64694705
91836128
39528648
37226561
79702559
74301391
68209042
27983722
69185808
67162167
55399615
12148909
97985233
17994090
63621681
26040143
31348914
60611460
37161365
76920236
10517729
56182316
76097685
68516739
35949556
63802729
42973617
69210460
91054853
61178398
32839336
93616274
97444259
67327120
45611265
92306775
69310466
14903557
77948108
71214539
23925758
62961099
49309332
22799764
42890171
60377616
96976526
17534609
63942490
86774036
99643736
43991116
52813321
66004355
89387117
41725313
96836694
34065185
95626851
43658392
47397155
32638551
37793983
56309045
40465374
17120854
50296484
25456619
27860103
17023197
91521612
49341988
62915446
21132947
55065784
23641879
94676996
32550848
21941120
67680885
74256324
67264914
36260438
92451465
53337487
90548237
31956539
72080755
13521295
35036275
72683676
79044167
13824444
40621326
64574272
38101128
82054663
75294862
80473966
81764430
38374379
94128621
80378781
56419129
75594988
97756503
19056118
30554917
61862537
25886465
64531765
23169641
61972978
47736175
43153449
10817577
33214552
19430751
61153753
92317912
69243868
27990869
39537345
16340686
80629289
37328196
82644538
31094146
98298525
32473814
96153719
95362148
92690594
30740824
17210667
43336794
50630940
32477893
20589128
89899860
11828347
79387630
48776547
33100686
77173871
60213186
28230324
65071202
76592827
35407801
41946311
14213283
37880438
33149049
43505002
29770495
18677172
38366182
74263143
24725874
72548819
12729012
91042374
30954826
99446410
55157461
97063775
44404577
12207704
86184814
39100950
53970055
91235533
91619013
84990603
22312909
34947772
77009170
57865911
41291951
83917067
59295986
87973160
81923501
83347908
93858195
97662953
70276106
67457609
66544504
89240192
29724832
71504804
18242921
24182032
45052638
51184124
80822907
83418015
91694688
97778212
11752887
32328306
33596841
71198926
75018858
97734293
31543936
55379037
46794359
26274276
77355608
66863678
25840305
40517164
95927802
95891475
37375847
76062272
94037094
15158458
89435463
97733230
68448887
49456502
71770159
75554154
62006454
99294634
31459435
74134885
48311141
71661564
61281052
12886344
99637944
39656230
22294068
99511309
20237347
35601565
29557946
11141454
96530509
29278585
47493755
58218918
96575722
55614340
71365724
24975117
36186892
95085462
60580768
74034481
93120887
54112069
15660864
39098874
70170327
63077416
96290819
81257373
16061425
40819382
52246966
61972046
72169836
92700876
39144841
47560466
89245238
78817485
61154182
70775602
96719637
31543523
35500462
47400011
89976650
54238052
57850034
17454979
34226403
48414417
43018443
52072406
66204318
69772408
13713206
30040078
22132085
73337017
59949776
20602961
89450315
12815845
83108937
89277617
83454146
20442760
21016110
92004181
65509803
73784860
96677703
87966599
56047828
38820697
45193583
33230313
84825132
57528471
27259659
56066611
85977947
15560195
68188010
76191393
72911979
84169248
86574901
40383353
27000195
75540062
92792709
97011004
86454861
43057749
58186089
86301945
64769822
62897402
48590312
61493211
61587662
21424593
25170714
66089392
56160656
22721940
10723194
14189310
51941470
25310057
98293488
71576857
11433052
73319664
62872626
43641409
28795345
66204852
25695831
27445097
71240002
73659837
51458170
19919123
26069421
80521154
91048583
67854678
36702175
36625275
42095397
58910081
63583986
44389909
30909120
73782874
28258023
60619826
33318271
80528860
15007074
70714381
91908078
20199658
51078765
19691527
85329696
56974109
13214158
34167939
14045392
35903889
32619900
96456632
89982681
46425893
48336817
12050688
19061565
84251999
82303413
71758015
37055170
30487900
12428502
41104366
26903990
53400562
32467700
32381635
75926100
34782052
24119352
11862911
75916607
61991233
75098597
75547603
22413227
81322457
90095175
66142320
41947675
62259293
60256327
72869034
58089028
65085074
74338720
98479176
70422545
21606194
14296492
68456682
98120768
58794207
42929240
99499927
57453737
35315908
78399927
99018851
92943391
86623690
77474865
35358265
56819183
55831156
40048476
86287690
34963462
87328856
65631331
75276207
73855931
63170210
81705604
21557881
12378183
33682644
17130706
24291894
97793899
74311908
24115035
65625807
53108831
39456560
48004503
94069363
67115275
12915396
34105094
29985507
26779921
13377072
55508835
67931093
61751329
94016724
78300655
68739174
92312287
55186671
84802239
97254417
84936058
63989530
60645401
49535760
31991443
12786450
15286304
19021152
23728196
96609543
46023681
59026864
11844013
19896931
79136657
86256028
17926955
11777155
83627547
96012376
81533054
99636546
25397973
26846961
16255381
96867529
56510784
40737149
85781016
67905473
53379661
33133403
66754584
57387262
97752838
77172451
88282789
36072283
24151703
95832648
10841870
98064257
56767730
98197299
19396473
78845108
90824316
77182354
57614373
77903781
31089285
91250016
93335355
68142558
11450163
76122821
79119109
62654984
25847610
34710411
84137396
40314849
14463153
57372169
28986488
86587466
27774263
57035090
98531061
22886717
41424801
87906670
93775259
40916990
90227907
63877668
30152893
81600010
18644540
23762164
70185082
79970919
27341665
81649157
38948806
30391075
66932854
32022524
15048206
34493685
70084224
61338654
53038246
56829772
96858847
98710470
11622631
39854210
66290689
57700327
50519508
49804145
49518206
37009359
29244253
62309755
82489510
38645412
44018087
81343298
13335912
34223427
66450894
39830337
49886846
48080346
38675938
16673661
87878322
22793867
47215523
86129225
75603685
24353999
28158289
62258869
22619180
69394919
25351072
60462229
52492154
40274504
61829639
41629392
25267822
26868807
89115049
61795306
30174976
87652759
75505851
77634514
37911082
20224505
15436999
66666480
16747148
12072849
37650007
57593221
23026535
38967720
92523542
74713825
32585097
10053709
60300875
46692955
23103312
93838068
58147163
77733468
33026180
23373179
85134737
56875093
63143812
26224791
89766728
77678933
66189074
63711554
32048597
80164468
52544632
29944914
16393641
28724719
57364789
41498039
99364358
97620724
18564216
90684496
11401551
70859533
18048203
53092586
24387959
57848230
60532301
97076566
17233051
36481981
73902872
60510885
33889836
75218085
72063297
78284802
77867077
45561590
53404029
90994093
48837403
87792532
28245600
49836432
25205650
88335834
59961409
51484159
34348396
11908196
69558202
31417489
68968860
71242102
52456140
20262421
20377529
55238431
76869427
10553998
76870655
48817126
37940513
65598798
50245201
77887841
73240190
68505829
86096149
74692348
75289422
12033769
94300158
12789909
28978707
71042351
99939586
86921179
62491780
89209210
70636842
47010770
25894125
64743887
51503225
49485170
82650146
98580324
15814263
28229359
44218017
48077495
24735065
30323092
17990211
86857530
94862798
37833161
67983519
39218731
12999859
29312124
47554818
91568293
48232186
69100656
20629764
77001242
83828390
56068761
55629173
78578875
51664290
49595383
31031018
44441161
18410595
39842021
